IX

1101 00101111 10100010. 1010111010 11111 0101010 00 1001101010 001101 1110110νί
1111101111. 1101101001 jejich 1111100 8101005, 5 01011, 10100100 1111011 00011010
510001, 111111 011101511 01100101 011111000111. 10010110 0101111 1110100011
0000100 011100 510110 Bohuslav. Ρο0110 brzy po 51001 0111010 1Βο0100,
0001151111Ιο 50 0011 1001010000, 101 00111001 1 1111100510 hodnosti znova
mu slibovala. 1101101 10111 1111100 10 11100151ον1 1 Ρο1510, 0100010101 Vrati-
5101511100 Turzo ochoten 1111000000 0111005111 10110 0510001111011101151011
Βο1105101011. Α10 1100101111 110 50 01101110 (l. 103). 10010110 1110100 1111
zklidu 101000110101 01010110 1001110 1. 11100, 101101 vPraze 1111 11005100
(l. 160). 1110101 1000000 00010 11510 0100111010 13, 00010 001111 0100001000 ll„
podle 10010011 11. list. 1510, 0000010001 001 00101011 50 let 1010 (0000.
11. 191).

Ten jest 1111110 11011 111010 Βο1105101010. 0011101100 0101011011 10110,
11101 11511015100111101110001, 0001101100 50 10010001501011 111110 0111110011 0 01011
11000 1000100110000010111 svrchu 51111000, 0010000000111 001001111 0001111011
50 1 001011011οὴ 1 1151001 0110001011. Ζο 50150 30005101011011 101110 11511
0110 01111000 10011011 11111 01000101001 01111101 010111. 11011 100 0151000100
,ν 011110010101 111001 000100 k 0011001100 00010110051100 1000500000000 001111-
5101011, 001001 1 0100100010, z 010111 110101 1010 110110010.

1110110110 11110 000010000, 10 00151010110110 105101111101 0010101100510-
1001001000 5015010101510 01000511 0001001110, 110100 1 00150101 11151010101
jejich 010000110111 115000 000111, 0 11011 1001000010 1051 00010110115110100
00101100 0010 10 00000 5001000050. 00111011 50001 101011101011 00010011
1010 1 1010 0110100 1111051 0111 5110111101 10110101 511000101110, 101101 11000-
1100 15101100 1010111100, 1 110111 50 11011 51010110551011011, 10110000 11511
6100100011101, 100010111 1110 0010 111011000 101011 1111110101 00011010 svy‘m.
51001011 0101 1011110 011001 1010101101] dopisy 0011011010 11000100 111010 011101-
01110 1 0100100110, 010 0101110111 5111010 10 11110010 5100 0105010100 1110001001
0110010010ιί 101100101 11050010 01100, 10100000 00 01151000 0101000100 11101
010111. Ze 110100 10110 11511 1100111011 110551011101 1001101100000101 100101101,
0111 500110510 0000051 01501010 111Ιο 00 1010, 00110110 001 001110011, 001011
51011 101 0110010000011, 10 mn0z1' 0001001510 - 0011510 00 5101 0105110011 -
1001110 1105001100 100110 100011001101110111001101000 100100. 1011101001,
1015110110 0000100000, 50010 1010011111 1151010, 0100001110 001051010, 0110150-
1100 00510 00 01111101 00011110, 010 1151 5110 01000 00 0011 1110110010 0000005110,
100101 0010101011 1000110 000151 101010 za 10105 0100000000 0010111011 00050111
01001001000, 001051011001 15011100 jen 10151110001000001011 05011000, 11101
000501101111111 10001101. 00100 01100 basto 01010101οη1 100051 00 010-
51010111011 0010001110 11511 0001001011 0010151110, 001110 51010110000051 051010-
0100 1000000010, 00100 010 1010 10001 01110010 0111011100 101011011 01001100
11101110, 001 11511 00010001 501000 115100, 5001110 01110151νο0, 0010110110
1010000101-0 000010000511110. 1101100 501010 50 z 11510 10011 50011 10110000
1010111051, 010 1110111 1010 0101101 00100111οἰ01 000011010051. Το1010 1100 11511
0010001510, 01110151οῑ 01101 00151010 00101001101010 50, 0001110000 000111-
000101 500001οι0, 05111 1010 000 01110 05110 11511 1110000 (1010111111, 11010
00111011 110011, 5011οε01010, 000 0101101 1 101001 111 0 501051011. Vedle 1001110

 

