38

11515451411414 415014 12, 129, 132-134,
193, 194, 201, 222-225, 226.

11541145) 167, 174.

1111141516 (v Asii) 171.

oh.

Chalcedon 89.

Cheb 203.

Cherubin minorita 136, 137.

Chilon 14140415155411 82,

Chios 32.

Choerilus 115.

Cholburg 63.

Chomoutov 151.

Chrt z Plzns 11155151), 40511514114151, llll,
182, 186, 209, 210. ’

Chrysippus 101.

114154 32.

15014 29, 61, 154, 155.

lngolstadtskn 5511414114 213.

151151 (nebo lmhol, 145) 135-137, 158, 161,
162, 194.

15554454 111. papel 194.

15554454 7111. 1141141 31, 33, 40.

Insubres v. 111145.

151411114148, 149, 215.

1154 87, 112

144144 78, 84.

145114144 86.

114114 4 1141516 74, 90, 108, 110, 111, 122,
124, 168, 170,171,174,175,185, 201, 202,
416. 141011. tale mnne.)

J.

Jaderne ager v. Ζ4041411 1141.

14041416 mole 108.

14155116 61.

sv. Jan evang. 32, 53.

41. 145 1111114195.

41. 145 Ζ14155411 180.

145 z 04154114 58.

145 814111, 1141 14411, 96.

145, 14551511 814541101411, 8,

145, 14551511914114141411, 211.

zJelenl v. 1115111.

zJemnice lJan·‚ administrator biskupstvl
0151555414115, 46.

1414111141 76.

4114155115 50, 57, 78, 223.

Jerusalem 30, 54, 81, 169.

11114157.

1111141411 41440 r. 1486 13.

11501141 1111, 541441141134
11501141, 14114 posel do 850154, 110, 111.
11501145, 1141541 5 41. 1111 1 8555511, 6.
1150114115νὲ 414411 130, 170, 170, 178.
1111 Ρ501111404111141 26, 166, 184, 203.

111 161504 84411 125.
1111 1114151 05151511450 42.
1111 1411145 Κ40411411 208, 209.
1111 ho ’114144551416115 proti Platonovi spis
1515111451 219, 220.
15541 1115151 78.
1554144 71.
Jorgelt (154111 plat 84.
15454 95.
15114554 101.
1511541Ρ45154) 110.
15044 3).
Julian 41441 51.
Julian 14101541 31.
151154 ΙΙ. 1141141 170, 171.
151454114 85, 223.
15145454 168.

Κ.
(Srovnej 1414 0.)

Kacllstvl v 04411411 4 nn 1051414 20, 44,
45, 70, 111), 101, 142, 166-168, 176, 184,

114411416 1111111411 19, 183.

14041 18, 02, 110, 121, 1251261113, 143,
144, 147, 149, 159 161,163, 166, 167, 172,
181, 201, 209, 210.

4Κ40454 184115151ηέ1 Niger) 132.

41140451 (Malous) 133.

4Κ40454 (Wollgang) 151, 154, 221.

1114451151 (Augustin) v. Augustin Olo-
1555411.

114114157.

114115 (Κ411114) 30.

z Kaisersberga 1. 041141.

Κ41115141 (4411441111 174.

11411111 111. pnpei 52.

1145111444 83.

1141545144 26.

114141114111 71, 130.

Κ4141111. 1141 22, 23, 25, 48, 68, 73, 96,
100,102,194.

114141 15114 8511550411 98.

Κ411516 414411 178.

11411511 Vary 139.

1141141415414 privilegia 112.

Karpathou (541151)82.

Karthago 32, 97, 185.

1141144 90.

1144411 15145414 96, 97.

 

