1114

Α110110111010 11011 1111110111 nemine se 0011010 01101101 11100110011010,1101101001
1001 000010 1110100110 00100 1001100 1000110 011011, 010 1 ten, 1100 0100110
11100, 00010 111010010101001 010111011110 1111000111.

Αο11011 000 00100 1111011101 11010001011011110 11001110 11110 111111111000, 01111111
1011011 110100001, 110010100101001, 11001001, 111001100101 0100001 11111101101100110
011010111100101110111111011100110101 00110 0010. Ρ110101 11001 110001 1011011011
111101 00010 01101101. 51010101 110010101010 11110 1011010 01111110 11010 1011000
001001011101111011011011, 1011101011101111011110 00100001 11110101οη1 110111 1110 0110111
1011010000000110,11000000 1011000 00001100 1111111010οἰ 01101010001011(00010001)
00001100101010111000101110111 0100010100. 1010 111011110110110110110, 1101100 00-
111000010οἰ1 110100010110111011 01110001οΙ0 00 001010110 011010111, 1101011 1000111
10010011101010110110 00110110 1101010 001001ὲί011 0010001010· 00111 111010 0110010;
1 01011 11011 01101 000000 0011100 01110100 [1000010110 101100110 0 110001100 10110
“ 0101100101 0 010000 sentence, ale jen 101011 10010 1100101 00011 1101100110ηο0010,
111011 0 110111 10001. Α111 000110 10110, 1101100 100100, 010001010 obecenstvu 00-
011011, 000111111 00 1100101010 010101, 1001100 00 01010110110010101111 11001, 001111001001
0 0100001 textu, 110001101001 00011, 110010 1011011 00011 0000011000 0100010110
00001 110110101111011, 0 00000001001 1100101011 11000, 00 010111 11010000101010,
110011101 000100011001 N (: nomen), zrovna 1011, jak 11111 01011011 0110001001
101101111100001100010,000101011001000111010 110110 11110110110 1100001010110, Ζ11110101
1010 1011011 10000000 001101101101110 010011100101011 11000010011, 101 0010001011
00010101010101100110110111 000110 1010101 00101100 00010001 111111011. 000101110
1100001 110111 011000 11001110 01011011 110001011 00110000,01000 100 10011101,
1111-11 1101 0010 110000 011100, 001 1111010 010101101,11000011000 01110100 10110
0011000001, 00 00110111111-11 00110001011101101 1001011010. 00111001 1011010 1001
00 111. 01111110 110111 00100100101110 11001001011 00010110 11011001ον0 0 Lobkovic,
11101011 11010011 11101-11170 1Ρ1000 11001 ’101001 1111110, 0111010 0110110101
00011 1001 1100111011οη1 1011010 1100111 0000110, jak 0110 0011000011 1111100100.
’101111 110110 0010101 01111010 0000011Ιο 1101111101100010101101010 11011010 1111110101-
0110, 1 1111010011 00 0101 1110101111010, 0111 1101010 11 10110110 100000 1111101001
00110 111010101011 0 110110101011 0010 00110100011, 001000101101111101100 010100
01011111 0 1101101101011110011001110011 011011111, 01111 0010 110001 1011011 0110011011
1001100 1111100 00 1001011010 1101011101 (00 0111110010οὴ nebo 111011100011),00110110-
110000 11111 10001 00 00111000 1101111010101011.

Ρο100001 1101010110 0101011010 1011010110 0 01101101οη1 1101101101011 11000010-
110011 111 0 1111010 0110110 11000100010111001 101101 00000000 0 110000, 010 11110
10010 1111000101 1110101110011,111010 110010001 101011 10110111 0000111οΙ 00101111110010-
01011011 1110010111 00101. 001 10111 1000000 001110, 101010010111 1101010110 0011000
00110110, 00100 01010100 11110001011100 to, 00 111 0101110 0100010 0101110 110-
11010111, 010110001011 1 110111011,11011 100001011 1001 100 000100001 00100001,
1 011011100010 10111110 00011101011011001, 000110 00110000 01110100 1011010 0111011
00111001011 00 01100101 00001111 11 1101010 1111000000, ato 0010001011 100111010
1111000110 (lingua vulgari nebo vernacula). 1011010000 00001110 10 00100001,
111011101110110 11100101 1100100 10111100 1101110οΙ, 101101110 11 1110010. 111000 00101,
100011 11111 11010, 10110 00 01010 0111110000,10001 jedna 1011010 »0011001110 epistolae
inclusa« se 00111 000001101010. 0110011 01100000 00001101111110010 1011010 111101

 

