XVI

111515 00611566 1555661 55 51151111, 61615 15 005655511 1511116 611561 5156511115
1101511, 15115 55 1161 611 151 00 5616130665151015 11511561 6051510.

⁴ Κο65565 1116160 005656156511, 15 Μ1115, 5511011 65 10 156 151611 65615115
651511, 65111515 11511, 55161565 ty. 111515 0115111 011 11556156111151 65150155 55
51515156 1151111 115561 1556, 011 61561 6111 0110151 6561115561ιηί 51151101551161·
50661615 tal< z nadpisu 11516 1556 65 stt. 193 15 561155 65566 Sequuntur 511-
quot epistolae nuncupatoriae. Τ5111111511 1506 6515015 1. 22 523 5061066160
11115116 60665151011 Satiry 51. 1489, 011 615 5656 byl 155 111551 1151 Vikto-
116111 51. 1492 (5116515151516 65565 1111110116 5516). L. 48 111151 65150155
51165116 151501565 50151011, 1115111 0011611 1. 1493156 5Ρ1611 (515 50151015
55615 6 Μ11155 615 6111606 51115556 1). 2551511515110116611 1. 161 5 1625115116
51515160, jak 1 005651611556 655156 60101560. 15115 1151 1615515 0156161611
11655616516015, 1115106 11651 (snad ani 65 000115) r. 1560 8056 55 8056015.
11. 5115 56 51155515 0056551511 55 5151560 115116 8066515101515015116 »de

' miseria humana«. 1516016656115161516 vtem 1156051515 55 6516 bibliografi-

5111511 11011151111,1ο166 65006111 55, 1160 11, jak 151111 00551 01515 61066515156
115116 5151156 1156516 5556 011510 65 51651.

Ζ511556015511111561 6555151110. Ν501511 51011001155115 156015 51510 11516
56656116 01551515 a adressata‚ potum, pokud 160165, 66561 161515, odkud list
005156, 5 datum. Datum 6556551 5515510111556,116111011111515 6561 01105560
11510165, 5651161111 01105560 611165, 00615 60616561 vydavatelova jest 0015-
1560. Ρο1061 6551511615 16565116 01516561 obsah listu 5 15510111556 0156156,
5 65601 1111515151 551051; 5 0151015611 1151 06 111656511560, 0061155115 65 51156116
1560 6115. Pod obsahem 01151560 56561 11516 1 5 56155506, 1115106 56156515165
101561565511. 11656 55115116611515611506 615651 11151011 1111565 0056561111,
1111151151 551551115 11055111 11516. 1111511011 1 005651611556 1556 511015611515511560
1151161, 611656015601 dila 116561 6166551. 1817 5 1818. Ν5 110651011656
1551 0156156 551560 1151515 ’50115561 1566011111511 115111 511656511161110115165-
61161 5115611566, 0051555151511111 1615661 5 15561. 1511 116511, 56011615 55 5511-
5561 0661111555 1510 1 00651516156·51156115511 5 0055651111 1506151116 5151606
111. 1111106 Ceske' Akademie 010 0661111555 106010 61666 11656560, 1 5601101510
615515155511,111111)1 0661111555 16606561 111115 656115 1111515 11116561 0156-
101565 5 0111515, nei regulativ zde 6011561 611 55615156.

 

