240

Lycie 32.
Lycurgus 224.
11100 001010 00011001 124.

Μ.

Μο000011000 66, 116, 186.

Μο000001001 (100111) 69.

Maeler v. Moeler.

Maevius 116.

Magdebursky arcibiskup 122. 194.

Magnesie 98.

sv. Μο101100 169.

1101101100 223.

Manlius Britonniensis 9.

Μο0101011 010 210.

11αο1010101 206, 211, 212.

Μο01010101 010100 213.

11001010101 010000 202.

Marcellus 98.

ιν. 110101 evangelista 16, 211.

Μο1100 91.

Μο10011010001 100.

Μο1011100 Ficinus 19.

Μο111101 01100010 8001001610 139.

11101110110223.

1101110 V. 0000162.

Mathematici& 011011010 111-119, 183.

Μο1111 1111 01101010 6, 13, 26, 61, 68, 88,
92, 168.

1100111οη10 0. Fezie.

Maximian elegik 160.

110111011100101001 18, 68, 108, 121, 122,
131, 161, 168, 168, 110118, 184.

Maximilla pomocnice Montanova 184.

Μο0101 (100100 00001101 00 11010001) 186.

Μο000166, 116.

1 Μο110101010(Μο1110)0. Ρο111011.

1111011 22.

Memphis v. Kairo.

Mistsky stav 0 00011011 80.

Μο11100026, 32.

1 Μο111111 (110100110)109, 110.

Μ1011001 001011101 11010 18.

Μ1101111ΙΙ. 00001 62.

11110111 10000011 0101000010 46, 46.

Μ110111 1110110011ἱο οΜ1101110001 100111
64, 184.

Μ1101110000100011 19.

Μ110111 10100 0 1110001111 30010016 101,
108, 111.

Μ1110 16, 92, 91, 111, 156, 181.
1111101 118.

Μ110010000101 0 00000011 86, 81.
Μ11001 01100 126.

Μ11000010 v. Augustin Lucian.

1111000182.

00 10100110 humana, spis 1101100Ιο0110, 62 - 64.

1100101 (vit) 6, 9.

1101101 140.

Μο1111 33, 61, 69, 11, 16, 81, 96, 102, 118.

Montanus 10011 184.

Mor 1, 63, 164, 166, 168, 161, 162, 180.

11010 (111110) 140.

Μο1000 33, 311 30, 41, 42, 46,18, 162, 193.

Morgenstern (Ρο001, opat 11101010 01110-
1010011110) 21.

1110110118.

Most (101010) 114, 162, 166, 166.

Most-sky sjezd 1. 1482, 9.

11001001 0, 010110 8011001ον110, 31.

Μ1000 1100001 111, 118, 191, 206.

Μο1101000 01010164, 11. ’

Μο1101000 001100 88.

N.

11110100011 0001100001 19, 190.

1101010129.

11000010 126, 186.

Νο0100111110101100101000001 1101001 192.

1101010000011 001000 0 0001111011 224, 226.

110101192.

Νο00010001 0000100 10016110 119, 180, 190,
191,193.

11000001010111) 101, 108, 111.

Niger 1300010011) 0. 1 1100001.

Nigri (Jan), 010001 0010ἰο11100 0 110101,
4, 6, 9, 133.

Ninive 18.

111101010010169, 161, 168.

Noe 69.

Norimberk 9, 18, 21, 66, 128, 129, 186,
164, 168, 114, 181, 201, 226.

Novatiani (100111) 64.

11010 0111000018, 18, 124.

0.

Objevy novych 10101 110101111Ῠο1 164, 166.
01111110 61.

001010 (vilem) 180

01010010 1111111126, 123, 124, 146, 212.

sv. 01011011 118.

0101000011 10011010 31, 40-46, 41.

0101000011 1101000101 16, 31, 33, 36-44,
Mstfflffiffim

Olomoucky 010100. 1601) 119, 121.

00010]Ι I 1111 01101010 11.

001101019091.

01010000 00101001 164, 181.

0106111 26.

011 genes 1013 de principiis 109, 113.

 

