VIII

011001111330 (0030418), 1 11035100 byI 5011113131411 [011401104101 (1. 111),
101 11101101 1113111 01101110001100311 31 00 1. 1489 (00010 0101011111011001040110)
00110 1490 (00010 Α1011. (1. V. 542). R1485 0311111111 1 1113011141 0110100110
0111010 310110 30 5111011 1131541011 Ρο113 80110113 (0030. kl. 7). Νο401 1. 1487
13101011 00 31111111 0101540 (l. II), v 011 3011131, jak se 301, 00 13131. 1490,
4111 1111131 30 03 03104011 3 0101111011 cestu 1101100οἰ (Ι. 24). Κο11 1111331101
11134110 11313010341 3 3011100 0134103111 010100104011013011111000 1101131 010
10111 130111 30000005110110110101011, 141111113013131 110 by byl na 1115410341
510100 0101001ιο41 00530110310110 8011151313 (0030. 41. 41), 143011013 3 0101
Μο131111 1001110110 01111 (1. 26 3 44). ΑΙο 03001010 10000000 VIII 3 Alex-
30001111 00001110111 10110 41010110000511, 011111 0134103111 11001111 43101 11·
001011 0111031014115100111 1111010. Κο11 034804151313110 101100100οο04υο
11403100 11000051 tu se 313131, 0033300 4000000 10411 1497 03 510100 100 011-
0101110111 4001001001813015131111130 (1. 63). R. 1494 110113 50 03011101 103-
11143 10031 01101101 0111011 3 10013030013011 111111 13001300311 1 1001111011,
Βο11113131001 3111410110001 3011101110 33 011ἆί0011 111301011 50311 0100100341011.
Βο1103131,01011011111 4310114, 030 011111 00101100 0303011114101103 (1. 50), 41011
11011134 30 1110001111131111 30010110 31111300, 111 0103101040311 31011 11113011301111
(1. 52 3 53), 31010311143 51313 30 31131110 0110100010 0011013111 0031101101οο1.
. 11311111 1111 1111113111 111111 011111 do Cech, ssazen jest Viktorm 311131
011510013310 011 0341011, 4 0001111 114130000 1131010001 10110 01011 30311101 511301
1110340 41010 01110011 001111041011 3311510 1340000041ιά 01130010. 11111 8011113131
113001101110 50 41110 3111110101 1151001 11131, 100011 03 00000101013100 3 00-
3001011111011100014111111 00311 31010100 031111οΙ (1. 611). Listem 1101 01000 11101
0104011110 03111101 41110311131310130131341 41111310 31110 0001 3 3101111311υο
31111131540 30013 1113011111. Νο00011001110100101101 3030 411 Praze 310101
31111 01113001. Ν3 34100411 101101 10411 030531110111131311340 01011111, 310100
11034001 01041300 3301101301 1131 4 1011011 311010100143,001111111011 1101003111
14111013111 0034010, nebo 30110 1134131 0 tom, 134 by Ρο1111130 51111 010133-
51111311 (1. 64). Po 13111 1. 1499 33101 8011115131 010 11013111 031100 33 0110154011
51011 31111110 01101 (1110111110341 1140711) 40 010111 do Budina. 1113001030
3111101 3030111111 30 10111001 311334110 111013013101110100101001 93111001 (1. 67),
410110331101110110110411 011010001101303 81001111, 0010100110 0111010 Bohu·
slavova, 0010110 do Prahy 11011 0130101101ιο 1110030131104110 (0030. kl. 73).
R. 111911 334101113 30 1101113131011 0011 030010 331110 100 03 4030111013111 (310
cum iure succedendi) 011 5131104001 1113411011 111311313134001, 31101011 034 000311
011101010110 011010101131101311 0 10, 3111 1131011011 1 411111 1011011 11. 71). 115111
10 00 0101111010 1000101 00110 0110, 1 11111131 30 1101105131 1 11101011 1. 1592 40
01010 do Budina 11. 97). Ale 301 1310 0101111040 31111113 0101341 0000111313
01011110,001101’111 1111111011 01310011101110 1040 111111 50 00011111. 103). Ρ1101011
101101 30010103110411 110111 00401 11034 041003 10110 (sive Idyllion 1111030),
01111001110001. Farr. 03 311. 18-22. 00 10 doby bydlel 54010 31110 03
113311101οἐ, 011310 3 011103000110 0033101151011 11111031 3110111031010 101010110
(1. 167), 5131310 50 0 1030100101101 510 11111110111041 401113011 114001301011 111110-
01101, 101 mu 0031101311 0111010 Αο0101300 1110010104, 81001113 3 Augustin
Olomoucky' v 11110101, Pibra v Praze‚ 4000000 0011100310 4 0001101011 111100-

 

