244

Turci 57515515 29, 55, 89, lot-109, 111,
121, 122, 125-127, 131, 132, 136-138,

141, 142,174, 188, 189.
Turnaje 194.
55 Turre 01515515(Ι)5151511)61.
Turzo (Jan) 110, 113, 141, 142.
Turzo (Stonislav) 46, 78, 121.
’1661151555 (1151151) 11.

U

015555 moli se 155111 202.

01555511 5555 13, 15, 35, 153, 178, 201,

205, 22.).

111111 5111116 25, 26, 68, 69, 71, 73, 90, 105,
107, 108, 125-127, 130-132, 135, 137,
140-143, 147, 149, 150, 152, 156, 151159,

mmffimffl
1111515551 97, 98.
Ulixes 87.
Urban 1765651 61.
Urban V. 65651 194.
Urozenooti 5555 88.
015155(155155 1151511) 154.
01555151155511111.
01155515155561, 70, 100-102, 171.

Vffl.

ev. 755155 25, 27, 73, 190.
71515517, 1111, 24, 25, 71.

7551511 1555111 8515551516 ν. zRovneho.

715151 5151151155 81115516 210, 211.
7511551 51515 6116551555195, 96.
Valentinianus 5155170.

75155115 61155156 15165 1555 z Pibry 152,

153.
Valentinus de Ponte nuncius 8, 9.
Valerius Maximus 141.
7515515 76, 140.
Varro 17, 221.
75511555 51155 Κ55511516 210.

75ν11555 15655 4.
7515515111 180.

1115155(Μ115151, 151511) 3, 105.
z 11151115115(Κ111151) 189,
75115 755 164.

Vergilius 11, 17, 59, 72, 112, 136, 224, 226.

sv. 75155115 194.

755655155 93.

7556155515 dioecese 4, 5, 106.
715511 105, 106, 129, 201, 224.
71611551155101.

Vigilius (Jan) 131.
Wildbaden 4.

1711151 (655) 51, 167.

17111515ν5122,24.

Vitem 511555 55516 206.

711651 11151116 315151551516 38.

71155141.

Wimpfeling (Jakub) 34.

1111516155 (Κ55155) 10, 11, 63, 133-135.

7111151591.

71115 (655) 1115156 81151516 5 5611155 bi·
skupstvi 7155551155, 31, 106.

711515 15115 11151516 68.

1711155551363, 135, 192, 193.

71551515111. krol 15516 5 51151516 13, 21,
24, 26, 31, 36, 40, 42, 45, 66 73, 79102,
193, 107, 109, 114, 126,127,136,144, 152,
157, 159, 166171 - 173176, 186, litt, 195,

7155151511 ΠΙ. 1111651516 5 51151516 18, 69.

71551515151111151565151 141, 142.

Viastenectvi 13, 94, 191.

7111111515 ze 7151115 (655) 112, 220.

7115ν5Ι 22.

7511111555 122.

75655511121, 183.

Wolf z Hermannsgriinu (Jan) 121, 137.

Wolfgang nemanielsky syn Jana zLobko·
vic v. 51155551.

7511 55151551 611 55151. 115155511115 611555
159, 160, 161.

11151155 122.

7151151551. 115122.

7151151511 15115 15516 23.

71511515ν (511515) 33, 173, 210, (5151565111)
110, 112, 113, 119-121, 123, 125, 142.

ze 7151115 (71115115 Κ511151)27, 29, 32, 34,
35, 37, 39, 41, 43, 47, 50, 59-62, 64126,
149, 204, 206, 215.

ze 7151115 (1151151), 555115555 (consobrinus)
Jana 81551116 ze 7151115, 219, 220.

ze 7151115 (Augustin) v. Augustin Olo-
5155516.

κωωωὴωώω.

ze 7151115 v. 7111111515.

Wiirzburg 150, 157, 158.

76555151551 5111 111115ν51651ι 193.

76151151551 6556 145.

761515155511 5555 88.

7661515 Bohuslavovi 15511555 140, 143-
145, 141149, 152, 155, 156,159-161, 113,
166, 167.

76155155 22.

K

Xenophanes 214.
Xenophon 97, 121.

 

