115511511 111,, 11111 Ρ515115, 13, 26, 61, 68, 92.

Kephas 50.

5111111155 118

1115555 12, 90.

1115551115116 51511 62, 223.

1115155 5111151151 5555 44.

1115555155 81.

1115515555589.

Kleopatra 91.

Κ55511151151 181.

11551515 51511211, 212.

111115)1 116555 5 55511555 4, 5, 1, 8, 10, 11,
15, 18, 19, 65. 101, 109,111, 112, 111, 180,
132, 131-133, 142, 151, 154, 151, 158, 160,
161, 163, 161, 168, 113, 114, 119-181,
183-185, 193, 194, 218, 213.

1155111555 (81161155) 151, 2 1.

Κ5551555 (81515556), 15111 183.

Κ561115 81.

115115 556 1155551 180.

5851511151 (51515551) 129, 140, 142166,
180, 192.

5 1151511151(1155513)55),56511515115151,10.

1151555111515 60, 102.

11515555155 (551151), 5151555111 8555515151,
65, 138-140, 143, 146141, 164114, 202,
204, 205, 201.

11555155115 51551 58, 61, 110.

1155515511555515 v. Byzance.

11555 32.

115155 104, 124, 125, 131,185,136‚ 168.

Korkyra 118.

1151555 555115 193.

Korunovace 555115 111515 55611115 198, 195.

11515155)1 96.

115515155 556 555515 219-222, 225.

1155151515 55515 5111151151 93.

55515151111 55515 1115115 51. 1501 169, 110,
113-115, 119.

5 11515115 (11151) 64, 65.

11551151 221, 222.

1115115155 151115 5556155 8555515161 55
5551155 30,

111515155 82.

1115115 (051111 126.

Κ1515 111, 196, 221).

111151511 55155 5151111 5 5561111555 194.

111111115νό 112.

Kroniky 55115116 80.

5 Krumlova (Alexander, 11555) 3.

11611 515 5651155555 v 0555555 kupovany'

130-132, 136, 156, 159-161, 168164, 168.
Κ51555111555111 5151155111116151511511)1 142.
115155555 5111115115(ὃί515556) 110.
Kyros 111111 90, 91.

5555 22, 11.

5551551155 58, 223.

55615151 1111155515 25, 52, 186, 206.
55615151, 11555 dioecese 1555115515, 4, 5,
5555551 (155), leka} 158, 162.)
551151551111 88, 84, 94.

5511555151 (11551155) 202.

· 555551 1155115 5 15155515 81.

Legitimace 551555151511655 syna 151, 154.

5555515118

55555532.

5551 55515115 89.

Leucippus 214.

5555555115 v. Wittenberk.

5515511183.

5 5155511)1 (155) 801.

5 5155515 v. 851115.

515555 22.

Libye 32, 226.

Ligurinus (05515561. Gunther.

Lichtenau (11561155 5) 148.

515515 11, 99, 100.

5155516 155 Hermannsgriin v. Wolf.

5155115 11, 12,181,201; 551151511510-12,
63,133-135.

51151551155 142.

51115 5 51111555 11, 141.

Livius 82.

5555115115 (5151 Η55111515511) 126, 161,
166, 161, 111-113, 219-221, 226.

5 5551151115 (85555151) 55 111555 161551
5115511155( 51515. 15115 55515155151.

5 5551151115 (1155510218.

5 5551151115 (155) 18, 31, 62, 126, 148, 146,
149, 151, 154, 159163, 164.

5 555115νὶ5 (15155151) 151.

5 5551151115 (Μ1115111) 18, 151, 221.

5 555115νί5 (81515556) 151, 221.

551151 (155515) 139, 144, 141, 152.

5511155115 1161565 6.

5551151155151.

55511155 28.

555155 5555155 28.

55515115 5551 15155151515 91.

555151155 Carus 214.

5561111 XII. 11141 5555555511125,131,188.

5561111 111115νί5 555115 5 55515111 126159,
186, 181, 193, 195.

Lugdunum 180.

55115111. 11515555155.

55545 226.

65 55515 (Jan) v. Wolf.

555115515 v. Portugalove.

 

