Aristoteles 35, 50, 59, 70, 86, 120, 129,
133, 138, 213, 220.

0110001061, 171.

Arrius 0110000111ὶο (a Arriani) 51, 59, 70,
101, 184.

Arzilla 010010 0111100 190-192.

asie salu, 11, 100, 100, 000.

Αο10 (1401032, 132.

0100010110 55, 176.

Αο1101051010 138, 139.

14011000011010 pilstroje 138, 139,177-
179, 183.

Athenodorus 86.

1115000 97, 118, 169, 131.

Α11110 32.

Augsburlr 14, 101, 138, 139, 148,161,173,
174, 181, 189. 211.

00. Αο000110 33, 55, 58, 65, 76, 81, 124,
125, 130, 118, 156, 157, 180, 181, 185, 229.

Augustiu 0101000010 46, 73,107,108,110,

, 111,113,145, 141149, 152, 155, 156, 159,
160, 163, 166, 171, 188, 189, 208, 220.

Augustin Lucian 51010080011011001031.

Augustus cisat 67, 86, 93, 105, 115.

110 00011110, spis 8050010000, 189.

Αο0115000 10, 11, 59, 120.

Β.

8050100010 001 68.

80110015 151.

Balbus (Jeronym) 105, 106,111, 112, 114,
117-123, 126, 222, 224, 225.

80015010 151.

Barktezanes 101.

Basilej (010010) 6, 57, 1011138139, 15ος
(100011) 23, 61, 102.

84000 80500100000 3,11,27-29 (001110),
47, 48, 50, 62, 108, 116, 119, 146, 150,
156, 167, 188, 189, 191, 205, 215, 219-222,
225, 226.

800110 z Libouse (vlclav) 19, 20.

80001011 011101. 1504 140, 185.

800100110 doctor 4.

80101. kral 01101010 71.

80105101] 0501010 110.

8004110 1110010 (0 8000100110) -1, 7, 19, 29,
32, 33-35, 74, 96, 107, 108, 111, 131,
136-138, 162, 180181, 185, 227.

80011000110 (rodina v Bononii 0000000185.

801000011οε 101.

8010011110 8100010 76.

80100 0000100001100 00511101 96.

00. 8010110111 20, 57.

80100111 (Filip) 152. ’

800001100 (1011111101) 220.

8015110 71.

8100 10011100 80.

81511015010 80500100000 20, 32, 220.

Bibra v. Pibra.

81100111) 139.

81110010 arcijahen Vaclav 0. Vaelav.¹

8100 510011 169.

81101 0010000 211.

8101000010 ulad 77.

81150010 32.

810000 (Bulsania nebo 80100010) 37, 38,
48-50, 59, 203, 204.

8000110 32.

8011010101 00001050 pllvod 83.

8010010011. 10110 00010 77.

8001101 (Αο10010) 109.

00. 8001100100 17 ’.

Bononio 3, 5-7, 18, 26, 28, 103, 108, 130,
131, 152, 155, 185, 213.

801010 (Cesar) 138.

801010 (Jan) lrardinal, 51010οΜ0011001010
11, 45, 78.

z 80010010 (Μο110) 181, 181, 190.

z Bouillonu (Gotfrid) 138.

0 8100110001οἰηο (80101100) 206.

810111 Cesti 101166, 168, 181184. (61000.
Kacll‘stvl.)

Brno74, 149.

z 8011010010 (Μ110110 Weiss) 3.

Budln 12, 106-110, 111, 120, 125-127,
135-139, 141-145, 149, lm, 156, 160, 173.

8001110112

800001 (Fridrich) 16, 18-21, 36, 37.

8000 za 8100500101 193.

8010000 29, 30, 170.

O.
(Srovn. 1010 Κ.)

Cadmus 205.

Caesar (Julius) 91, 98, 103, 120, 171, 180.

Calabrie 108.

Caligula 92.

Calla z 80100000 11010 na Chomoutovs
(Jan) 151.

Camillus (11110101 50, 51, m, 72, 90, 105.

Camillus 001101 Sigmunda z Jelenl 225.

Campanis 90.

Capocius (Priamus) z Marsaly 12.

Carmentis 00011000 22.

Carneades 57.

Cassius (A.) 98.

Catilina 88, 191.

Cato 17, 56, 78, 82, a), 86, 39, 155, 190,
205, 221.

 

